
Erro 1138_bus (EG)
[        7337.44600;
         8792.49139;
         7160.53031;
         9956.29950;
           41.77331;
        34139.95907;
         9360.63360;
       258745.29383;
          180.67417;
         3460.65269;
        60890.24862;
         2903.11098;
          756.46126;
         7436.80470;
      1393673.79784;
        25172.30571;
        25440.72975;
        25796.65841;
        26244.52039;
       124497.87952;
         4273.22941;
          521.66629;
          555.80492;
          597.71676;
          647.07839;
        32056.84873;
          821.19965;
          215.84593;
          256.12119;
          198.48214;
          214.16181;
          254.13483;
          140.28622;
        53449.57442;
     42903998.82204;
      7110036.00000;
        13361.66109;
        33115.71691;
         7166.78378;
         4890.59193;
        65311.21660;
         2601.81156;
       768984.26847;
     44747300.78993;
       143485.34069;
       950046.00000;
         9910.58920;
     41200672.86377;
        88711.14465;
       118644.09488;
         4802.69629;
        46653.76630;
       113969.20863;
      1180030.33806;
       100271.85660;
         1903.50713;
         7472.73360;
         2556.35868;
         2570.58970;
        13669.83023;
        16311.00000;
        22229.51106;
       766272.83741;
       272954.89074;
       953881.00401;
       235210.48393;
        65377.23856;
        79339.82581;
        33442.31720;
       668124.17488;
       252039.25456;
       168765.39807;
        19785.09923;
       120297.33044;
       390835.05334;
        25977.40266;
    351057618.46449;
       889278.17122;
      1360278.11105;
      1965171.55891;
       601676.91798;
          977.13073;
         3167.84995;
         1753.59555;
       131323.96146;
      4966760.91252;
      3183325.91998;
       308027.98839;
         5040.74522;
        51762.74583;
        90368.63221;
        30445.83664;
       527021.00388;
       554621.92339;
        24666.25406;
    134720141.64253;
         5049.36868;
        23676.19230;
         2343.39241;
        57026.08357;
         5166.30447;
        17501.76242;
     16381295.35142;
        40899.28768;
        75465.25162;
         2951.74283;
         4584.44913;
       100770.29385;
    383168269.62414;
     35615076.30352;
    167282875.95243;
       956796.39211;
     46604005.33811;
    149102742.83685;
       719049.95186;
       403845.72968;
        26562.96647;
         1517.70122;
       366712.29098;
        31413.37016;
       407876.33608;
       221655.59068;
       188131.95227;
       119084.08592;
      2040712.47967;
       883923.39855;
      1018333.79603;
       104555.20457;
       820652.69693;
       119138.27763;
       386462.93999;
       189644.02018;
       238062.06626;
        26870.52112;
     43586434.56917;
       195051.23827;
        39652.02495;
      8466541.60561;
        39787.93913;
       159867.60179;
      1235747.68951;
        52156.50941;
     70518573.37964;
     94096926.11018;
     90788014.56086;
       594276.15773;
      1628794.12514;
       156869.68930;
         2309.15590;
        44983.86749;
         4494.82799;
         2260.79088;
        28537.26775;
         9238.35305;
        18685.73471;
       160065.24712;
         8580.07726;
        99763.55957;
         2526.48233;
        19456.59713;
        55102.28844;
        62048.09952;
       145476.32712;
         2246.07157;
        41686.27502;
      1144917.73047;
        44292.98444;
        46899.28222;
        20877.46884;
        12485.17554;
        23093.58519;
        76100.60389;
       199770.25851;
        80145.45225;
        43371.16066;
       436635.81940;
       144263.51900;
        39565.92629;
        22179.98154;
         9598.56072;
        18587.10638;
       100554.78180;
       433408.59169;
       250412.34931;
         3626.09024;
       327507.18216;
       122033.36607;
        50908.26322;
        63881.96053;
        36890.68218;
       679318.61314;
      1348222.24231;
       232499.29510;
       153746.45255;
        23529.09085;
        80306.67536;
        23664.26468;
        42815.33177;
       585429.75599;
        42357.98803;
       468237.43031;
        61296.56845;
        38563.02333;
       343838.04575;
        81417.30938;
        46088.07711;
        47738.38257;
       106525.56122;
        35665.21144;
      2969570.80483;
        74095.16186;
        54310.39342;
       670143.70197;
        74777.81732;
        18669.67887;
       247069.79048;
       655348.66095;
      -150982.68661;
       175918.27293;
        41590.61364;
        60486.06728;
       141218.08082;
       183896.99332;
       107816.25991;
        59914.67812;
       714615.62791;
        86958.93841;
        71244.41535;
        59615.35589;
        61924.57317;
       112170.03027;
       100129.99536;
       126553.00928;
        22922.94543;
      2804348.43098;
        91395.62024;
       489351.89747;
       205193.31024;
        63457.27544;
         2290.67290;
      4685981.26743;
       310855.42490;
        19933.83116;
        73512.46728;
        96297.57115;
       172373.30592;
       231753.71301;
       198554.41046;
       768106.14846;
      3637674.36859;
       219624.20414;
       282182.08594;
       400967.23664;
       267537.54345;
       -43004.10691;
     41160717.28864;
       462537.74477;
       657183.17166;
         3855.37359;
       209708.01493;
       351429.95902;
       205343.71402;
       313081.06810;
       339745.20884;
       448942.02858;
       400739.66062;
       764215.63536;
       162651.33130;
       802571.28695;
       -58469.61178;
       104365.27016;
        50027.31886;
      1719433.32175;
       572503.54124;
        38675.89815;
        58291.00543;
      8554077.95489;
        10234.93738;
        71646.48928;
        28716.62887;
         3916.34556;
       227541.35261;
       572665.30533;
       519098.28965;
       221199.08808;
        10135.90850;
        76291.40965;
       188896.59788;
       366658.41789;
       211111.90848;
       768442.51217;
       436397.00099;
       506442.63944;
       539577.39233;
        32538.67684;
        30295.99970;
        13384.90026;
        63702.39461;
        54101.79005;
       401309.06598;
       148619.38046;
       584858.50808;
      1211823.03768;
     14493244.07590;
      3785110.63921;
        68013.35787;
       211434.63610;
       165936.04023;
       252285.28646;
       181586.47093;
       346352.37818;
      2146568.62554;
       201433.84339;
        80231.40208;
       783286.64411;
      1301639.14627;
       274182.16061;
       280897.76891;
     15521206.53060;
        71220.50604;
       307981.10682;
       467586.92645;
       493021.21005;
       233308.70775;
       311702.63488;
       290865.94972;
       289856.75419;
       977597.34635;
      -129997.98960;
         1137.22906;
          627.03525;
         3113.66696;
         6100.78989;
         3529.65425;
        37549.47542;
       290335.93205;
        -1756.24507;
        36531.94572;
        37461.62635;
        -2569.24053;
        41721.47473;
       -22685.07132;
        30954.41086;
        44401.82641;
        56450.99630;
        19910.97876;
        35713.81508;
        71520.52944;
        36861.71730;
        19996.14185;
        20873.26738;
        16978.89176;
         7958.31510;
        23148.95613;
         1166.86413;
        21229.31851;
         2863.20679;
        76078.06078;
        67361.03559;
        40773.56341;
       543673.74195;
       111788.98318;
       116686.97841;
        12152.59101;
        12993.85854;
       129450.17219;
       243085.48441;
       470463.80373;
        27449.29170;
       104435.43683;
       963803.03373;
       208427.92620;
        13929.83108;
        15105.73446;
       332576.22040;
         6662.62987;
         6755.89983;
         6852.15289;
         6758.97104;
         6855.67876;
         6955.54830;
         8203.85933;
         7452.94856;
         6956.27554;
         7204.00706;
         8823.88251;
         3079.25895;
        73920.16939;
       -30445.42756;
         8995.50854;
         9173.28705;
         7028.34061;
        83537.12692;
        61286.24432;
      1227953.08419;
       637604.62917;
      4976556.18565;
       225460.24165;
       350721.47222;
      4730400.00000;
       100160.64589;
        37558.79052;
        52731.19628;
        12404.83089;
        65883.06205;
    112115637.34495;
      1072461.58252;
        12182.02390;
        36975.51949;
      7376230.98800;
      2556937.30524;
       797730.09583;
        87602.48031;
       519320.51121;
       669609.71520;
      1282356.76121;
      1295173.40110;
       114279.05801;
        26703.81650;
      6271295.29707;
       141575.04541;
        43526.85606;
      1270812.77598;
      1450330.30922;
      1134734.52035;
       444395.41288;
       124200.69763;
       316019.20529;
        25318.33807;
        37658.16158;
       193370.37350;
       162367.78346;
       672181.42954;
       153008.56302;
       556857.97775;
       239056.98673;
       207332.28079;
        76710.19781;
        23172.33446;
        10098.90173;
        40942.11900;
        21862.26101;
      7808767.96014;
      2141580.53987;
       513007.36935;
       136285.53888;
      7750612.03505;
       355030.90980;
      2884236.16010;
      1205220.30228;
       205303.32390;
      1429110.41719;
       407317.55347;
       781825.82086;
       271978.50039;
       506780.16902;
       114295.30331;
       302106.18009;
        65450.78220;
        90540.93075;
        51507.01195;
       536073.79901;
       299567.92344;
       476683.69882;
      1593607.24405;
      1047951.95753;
       369577.94774;
     16902199.78975;
     28674387.50119;
      1494085.64161;
       151927.45082;
        48831.48722;
        13160.00295;
       368168.61482;
       176012.60641;
       523402.08805;
       997050.30627;
       688307.33248;
       583343.83247;
       182999.80097;
       123548.70990;
      1649642.88376;
      -274090.70437;
       130957.74403;
        36810.20279;
      2310969.84143;
         9074.55024;
         9069.80641;
        19280.40015;
        19566.90042;
       116068.32510;
     21534638.90176;
        54841.33348;
       584603.02767;
        38822.83292;
       943486.52075;
       328386.86034;
        21592.91716;
       300779.55934;
       126973.87519;
       667251.92883;
       673755.03284;
       130612.83037;
       482024.38130;
       227632.66636;
      1481000.63050;
       743004.30107;
       917909.17536;
      7878949.46638;
      5325647.50782;
       266453.81436;
       856776.61963;
       176854.76819;
       100605.78403;
      6585397.46197;
       209551.26986;
       287049.35415;
       186475.63599;
      1016055.24475;
       669942.59100;
       388137.98081;
       348942.81362;
       582233.32146;
       569313.21367;
        45249.41088;
       147084.03456;
      5180889.23744;
       650760.22673;
       319093.64214;
      1687452.34553;
      1280326.52877;
      1655985.85806;
       348612.98600;
      -386228.63759;
       335591.34791;
      4491794.06139;
     -1404221.49937;
       907349.32197;
       185933.14385;
       368890.59024;
        39664.74526;
       850641.35340;
       399562.91635;
       159048.08886;
       456003.01884;
      -178589.01017;
        74595.03220;
         4924.48941;
         8916.59109;
       198907.23030;
       120171.90513;
        44315.16179;
       145460.94502;
      1585854.48409;
       137378.62960;
       292719.71819;
        37089.12214;
       821694.05374;
       140131.91421;
        75357.29631;
       254397.81793;
       181796.64959;
        35607.02685;
       180121.37342;
         9795.67025;
        61869.58656;
        30160.72399;
       506794.42251;
        16332.05120;
        20288.80178;
        22044.70518;
        97488.75566;
       137177.16746;
       443280.43759;
       232975.00000;
        67401.29190;
      1237568.30143;
       275398.81812;
       397571.00981;
        28382.93003;
        92009.51259;
       118786.92606;
       185248.60920;
       233756.55956;
       483343.79182;
         4513.27231;
        56968.55867;
        10880.88004;
         4179.52239;
        15691.30184;
         6666.34262;
         5213.78486;
         8453.13147;
        38810.56200;
         6487.21556;
        61772.43216;
         6819.71467;
        18503.13546;
        57644.89359;
      1933690.46944;
        25564.02903;
        15810.99986;
       906962.90309;
       107721.72859;
       306689.94930;
         5013.49903;
       405322.26976;
        62388.82501;
       394860.45794;
         9885.46534;
        24620.23249;
        53329.68183;
       432700.48970;
        13832.61779;
        75573.12406;
        22973.60828;
      2736398.25100;
        84158.34159;
       298713.23253;
        33836.88428;
       328566.65405;
         9523.44674;
        68403.46601;
       245190.11591;
        12786.96575;
        12525.22864;
        73927.91633;
        45389.15472;
      3425427.98249;
       142256.26485;
        40965.12519;
        18760.57265;
        12569.42549;
         9837.62194;
        14121.24425;
        19521.47454;
       260599.38882;
       151292.23006;
       134777.31857;
        10887.81299;
        11058.09492;
        43789.26610;
        42872.61899;
       165524.80872;
        40542.05335;
        30135.83943;
       434487.62242;
       130767.48358;
       974846.60270;
        26222.93212;
        23764.73800;
     31474487.28898;
        64450.05352;
      2247392.11240;
       213900.33505;
         5523.94836;
      1913712.11534;
       468523.16175;
       226633.17446;
      2313333.76373;
      1662924.78466;
       345771.90398;
     20250506.17899;
       181864.02453;
       797619.97518;
      4272302.36889;
        14321.62570;
      6699907.75940;
     19236496.60070;
      8687352.77513;
       196158.28588;
     21109597.80699;
      2194939.56153;
       222684.74659;
      2134095.68302;
      1432229.79733;
     14758718.41242;
       198931.73538;
      4836708.51369;
      1166363.40798;
     29724889.35563;
      7200258.34874;
         3273.94535;
         3837.54849;
         2108.32504;
        60844.17316;
        48555.91245;
       329246.82535;
        29823.89363;
       525815.47110;
      7047033.18058;
       157596.65331;
       168850.88032;
       372225.69782;
       140310.25198;
       107702.83745;
       139753.70239;
        86197.51854;
       124504.94281;
       132038.87401;
       126072.56929;
       112202.43285;
       160297.42187;
       188708.98764;
       140151.13128;
        51799.90033;
       282406.11069;
       381379.84149;
       306286.75024;
       161281.75214;
       548293.92058;
        99832.86104;
       101122.82930;
       567135.40634;
       360370.54321;
      1005864.26856;
       173981.71085;
       134751.44124;
       134737.92745;
       134724.41366;
       134710.89987;
       134697.38608;
       134683.87229;
       539048.42494;
        61613.90405;
       200739.53612;
       689692.33084;
       732029.77472;
       712215.90891;
       730512.05003;
      -217204.68433;
        29066.91966;
       105149.23033;
      -129621.25124;
        30709.12299;
        34129.99321;
        83988.06060;
       167320.17084;
        45779.71303;
       566496.86623;
       271852.06201;
       278309.52917;
       133133.18339;
       203489.57354;
     24268858.10046;
        70414.90268;
       147091.78034;
       142925.56482;
       154196.63413;
       113479.93582;
        27671.16143;
        65412.76078;
       109949.65340;
       820943.25557;
       145850.75310;
       199512.92414;
       182223.77097;
        62179.07453;
        82143.50218;
        14960.81147;
       135795.14271;
        34808.13272;
        21702.62272;
       121320.27236;
       108042.75776;
        44199.31822;
        77279.47166;
        36557.20680;
        16230.80524;
     15831822.99684;
        14330.91954;
        22851.36338;
       248432.21183;
        54687.16164;
       221899.05496;
      1437250.90436;
       231696.93688;
        98516.71434;
        73409.77292;
       261854.65206;
       325140.00623;
        32560.46139;
        58316.79763;
       184023.17797;
       120609.16253;
     12399937.24353;
       152613.63731;
      8107094.55170;
       135674.30059;
       162210.51459;
       104742.74048;
        81745.15689;
     69485514.11881;
       258424.89014;
       121549.26809;
       486291.75562;
      1658536.60492;
       112812.84096;
       388970.21154;
        64791.60326;
        49814.47243;
   3457524809.67170;
       424291.47974;
       360704.93252;
     49258718.12244;
         4890.57680;
         4412.69137;
        73610.32703;
       533058.85311;
       243230.93663;
       177075.75503;
      3444728.10244;
     54139085.12037;
       452315.29615;
       272134.14513;
       285302.62139;
       223981.32084;
       105070.75540;
       383596.95834;
       248880.31911;
       529125.66324;
       585296.89583;
       465381.47096;
     70386670.59379;
       619598.57934;
       148791.33940;
       192124.15335;
        36919.69192;
       128815.25036;
       135258.25227;
       175794.08884;
       279314.90890;
       108371.52685;
       383160.63090;
       165324.64623;
        98384.55592;
         9791.21253;
        16742.60389;
        90042.01269;
       107470.40190;
        80225.16816;
        72897.50970;
        75766.15365;
        56528.35229;
         3536.38813;
        48713.46064;
         6440.38765;
        41320.15747;
        14918.03682;
        19924.53541;
         3124.65015;
        20605.05716;
         9122.54912;
         5408.30393;
        10592.00108;
         1502.65468;
        11381.87138;
         9796.21300;
         9578.93235;
         4147.41138;
         2645.66659;
        10074.75082;
        32709.42507;
        58389.32140;
        40964.68023;
      1136536.06865;
       110481.63238;
      1210773.20079;
       -84638.05747;
        87526.85566;
       120421.09288;
       181985.00961;
       313342.10622;
        75159.11233;
      2550618.83219;
      1794339.69372;
      1127638.05885;
       773922.28660;
       697948.81855;
       298644.16877;
       820045.39993;
      -190323.34254;
        17807.55501;
      7047999.56463;
       933683.19311;
       461255.65670;
        53436.22015;
       129595.08030;
      2434329.57100;
       192728.71621;
        88558.61752;
       598718.95083;
       224365.89683;
    595956975.06792;
     29101485.03080;
       172298.03557;
       -74256.79707;
      1009248.61629;
       632960.74672;
       163972.58076;
    210393637.02387;
       363302.00000;
       368733.09913;
       994865.13759;
       408384.20099;
       450594.65783;
       124812.88759;
       922991.17257;
      1215322.93338;
      1083091.63435;
       795535.53429;
      1109536.82166;
       205005.70995;
       783858.49786;
       854542.04742;
       529709.27767;
      2177104.57158;
      1459121.72417;
      1028563.77226;
       259877.14800;
      1944474.66295;
    962330883.65911;
       426221.75420;
       564522.50028;
       365049.22570;
       295655.00192;
       854609.78711;
      1456713.60348;
       684329.28726;
      2275313.42768;
      1803437.83395;
       953511.61875;
       804569.46329;
       643544.38792;
       639127.00889;
   1970236275.48553;
      8882231.19412;
       392719.49706;
      1627233.78999;
      2391315.59777;
      2113125.73604;
       620130.22400;
       636158.99269;
      1199685.40969;
         4138.75184;
        19293.71764;
       441534.48398;
       420675.98895;
      1023025.63780;
       283312.19916;
       180300.64963;
       247713.47572;
       257921.93543;
      1647770.82592;
       185824.59633;
       113306.63101;
      2724396.86150;
       668441.86143;
       930879.48857;
     11970928.26532;
       135913.71048;
       104289.35789;
       210475.84457;
       554102.26072;
       222097.51073;
       499049.93836;
       770075.94313;
       377021.13657;
       165573.21460;
        98032.72714;
       150191.26519;
       187885.09493;
       410399.26489;
      2820537.62584;
       177918.05384;
      1281456.82917;
       673518.77681;
        79331.81415;
       529949.94213;
       200815.30562;
       359964.44652;
       153578.08444;
        73190.23489;
        91488.13023;
       485577.18933;
       155893.99703;
       426857.13590;
       273545.44157;
       357404.62137;
        99905.68321;
       199426.75461;
        58824.49785;
       261356.18422;
        92841.08048;
       257470.29200;
       533674.77630;
       252040.02307;
       232376.50103;
       332524.06619;
       265366.53521;
       277301.26764;
        91213.70844;
        59261.60642;
         4263.63392;
       263987.44548;
       613182.23864;
        21181.24489;
        27812.12185;
      -158944.09332;
        20065.17106;
       750863.83775;
       108002.15605;
     27138584.34066;
      1912931.28033;
      1304249.95720;
         8456.95891;
      2780462.53960;
       193741.54108;
       449017.05549;
       110618.81710;
       517656.87957;
       188081.50563;
       659682.11349;
       117960.40683;
       150240.45668;
       202356.63827;
       277228.43011;
       143196.02395;
       179195.34528;
      1124490.62350;
       273046.97740;
        80306.97805;
       254098.76858;
        84074.25490;
       454770.81799;
       168725.27716;
      1403485.13892;
       -96737.84304;
       154071.31266;
       123135.60536;
      3124138.28006;
       176926.43986;
      2777987.99400;
      2783434.62578;
      1509000.35546;
      3770430.52231;
      1881560.57678;
       178209.62071;
      5174711.96739;
     -3692605.91065;
       282615.52680;
      1293146.79691;
      3998782.80007;
        73411.12591;
      7713948.92564;
       484822.86966;
      2295669.46896;
      4197620.91659;
      1417539.65575;
       206008.02300;
      1496881.17506;
        22563.31451;
       563021.51350;
        67352.21944;
       152502.19606;
       440118.36189;
         3910.11087;
       823202.70287;
      1275538.78300;
       626429.17717;
        63277.11784;
        22302.92631;
      5596036.17924;
      -258551.18263;
       191463.68592;
       122118.72348;
       973412.15777;
       313256.65146;
         4438.39872;
       453503.17770;
      1071570.38669;
        95729.99585;
      3109271.65289;
       196727.38774;
       150659.44977;
      1065603.74989;
       150694.55890;
       429812.51032;
        28007.86200;
      3112449.21174;
       176460.55038;
       925804.09203;
        74406.32364;
       154504.51433;
       880657.85958;
       276041.94216;
       444171.05839;
        51478.51274;
        34385.69681;
       433118.54550;
       249609.27169;
        30073.37449;
       138140.44985;
       630022.76842;
       944690.64036;
        17189.76592;
        91251.78575;
        76860.73638;
         9302.53735;
       229743.49415;
       198293.13614;
       103154.26987;
       359616.97614;
       373235.11136;
       160620.30503;
       139069.48839;
        74459.49116;
       303172.29811;
      4293615.00817;
       180681.44855;
     -1329278.59780;
      3230476.06409;
      2750700.91577;
      1356653.96076;
       970030.54861;
      2698381.26464;
      1386641.24881;
      4776675.05298;
      3041755.03411;
      1217113.27347;
      4755341.23347;
      3374185.02268;
      1367464.98354;
       417821.11437;
       696026.23754;
       568810.99869;
      -460008.41737;
     -1059591.42271 ]

Erro 1138_bus (EGPP)
